1111111110100110
1111111110100110
1111111110100110
1111111110100110
1111111110100110
1111111110100110
1111111110100110
1111111110100110
1111111110100110
1111111110100110
1111111110100110
1111111110100110
1111111110100110
1111111110100110
1111111110100110
1111111110100110
1111111110100110
1111111110100110
1111111110100110
1111111110100110
1111111110100110
1111111110100110
1111111110100110
1111111110100110
1111111110100110
1111111110100110
1111111110100110
1111111110100110
1111111110100110
1111111110100110
1111111110100110
1111111110100110
1111111110100110
1111111110100110
1111111110100110
1111111110100110
1111111110100110
1111111110100110
1111111110100110
1111111110100110
1111111110100110
1111111110100110
1111111110100110
1111111110100110
1111111110100110
1111111110100110
1111111110100110
1111111110100110
1111111110100110
1111111110100110
1111111110100110
1111111110100110
1111111110100110
1111111110100110
1111111110100110
1111111110100110
1111111110100110
1111111110100110
1111111110100110
1111111110100110
1111111110100110
1111111110100110
1111111110100110
1111111110100110
1111111110100110
1111111110100110
1111111110100110
1111111110100110
1111111110100110
1111111110100110
1111111110100110
1111111110100110
1111111110100110
1111111110100110
1111111110100110
1111111110100110
1111111110100110
1111111110100110
1111111110100110
1111111110100110
1111111110100110
1111111110100110
1111111110100110
1111111110100110
1111111110100110
1111111110100110
1111111110100110
1111111110100110
1111111110100110
1111111110100110
1111111110100110
1111111110100110
1111111110100110
1111111110100110
1111111110100110
1111111110100110
1111111110100110
1111111110100110
1111111110100110
1111111110100110
1111111110100110
1111111110100110
1111111110100110
1111111110100110
1111111110100110
1111111110100110
1111111110100110
1111111110100110
1111111110100110
1111111110100110
1111111110100110
1111111110100110
1111111110100110
1111111110100110
1111111110100110
1111111110100110
1111111110100110
1111111110100110
1111111110100110
1111111110100110
1111111110100110
1111111110100110
1111111110100110
1111111110100110
1111111110100110
1111111110100110
1111111110100110
1111111111010110
1111111111001110
1111111110101110
1111111110110010
1111111110100110
1111111110100110
1111111110100110
1111111110100110
1111111110100110
1111111110100110
1111111110100110
1111111110100110
1111111110100110
1111111110100110
1111111110100110
1111111110100110
1111111110100110
1111111110100110
1111111110100110
1111111110100110
1111111110100110
1111111110100110
1111111110100110
1111111110100110
1111111110100110
1111111110100110
1111111110100110
0000000100101011
0000000110000100
0000001000000000
0000000110100100
0000000001101011
1111111111110110
1111111110100110
1111111110100110
1111111110100110
1111111110100110
1111111110100110
1111111110100110
1111111110100110
1111111110100110
1111111110100110
1111111110100110
1111111110100110
1111111110100110
1111111110100110
1111111110100110
1111111110100110
1111111110100110
1111111110100110
1111111110100110
1111111110100110
1111111110100110
1111111110100110
0000001000011000
0000001100111101
0000001110011010
0000001110011010
0000001110001110
0000001011111001
0000001000100000
1111111111100010
1111111110100110
1111111110100110
1111111110100110
1111111110100110
1111111110100110
1111111110100110
1111111110100110
1111111110100110
1111111110100110
1111111110100110
1111111110100110
1111111110100110
1111111110100110
1111111110100110
1111111110100110
1111111110100110
1111111110100110
1111111110100110
1111111111001110
0000001000100000
0000001110000110
0000001110100110
0000001110100110
0000001011111101
0000001101000001
0000001100100101
0000001101101110
0000001010011101
1111111110100110
1111111110100110
1111111110100110
1111111110100110
1111111110100110
1111111110100110
1111111110100110
1111111110100110
1111111110100110
1111111110100110
1111111110100110
1111111110100110
1111111110100110
1111111110100110
1111111110100110
1111111110100110
1111111110100110
1111111110110010
0000000010111011
0000001011110001
0000001110100110
0000001110100110
0000001000001100
0000000010100011
0000000001101111
0000000011101011
0000001010110101
0000001110010110
0000001000110100
1111111110100110
1111111110100110
1111111110100110
1111111110100110
1111111110100110
1111111110100110
1111111110100110
1111111110100110
1111111110100110
1111111110100110
1111111110100110
1111111110100110
1111111110100110
1111111110100110
1111111110100110
1111111110100110
1111111110100110
0000000101101100
0000001110010010
0000001110100110
0000000111110000
1111111111010110
1111111110110110
1111111110100110
1111111111000010
1111111111111110
0000001100000101
0000001101001101
0000000101010111
1111111110100110
1111111110100110
1111111110100110
1111111110100110
1111111110100110
1111111110100110
1111111110100110
1111111110100110
1111111110100110
1111111110100110
1111111110100110
1111111110100110
1111111110100110
1111111110100110
1111111110100110
1111111111000110
0000000101011111
0000001110000110
0000001100101001
0000000100001111
1111111110110010
1111111110100110
1111111110100110
1111111110100110
1111111111010010
0000000100101111
0000001110000010
0000001000101100
0000000000100110
1111111110100110
1111111110100110
1111111110100110
1111111110100110
1111111110100110
1111111110100110
1111111110100110
1111111110100110
1111111110100110
1111111110100110
1111111110100110
1111111110100110
1111111110110110
0000000011011011
0000000100101011
0000001001100000
0000001110001010
0000001100111101
0000000010001011
1111111110100110
1111111110100110
1111111110100110
1111111110100110
1111111110100110
0000000010110011
0000001100111101
0000001101011001
0000000001010110
1111111110100110
1111111110100110
1111111110100110
1111111110100110
1111111110100110
1111111110100110
1111111110100110
1111111110100110
1111111110100110
1111111110100110
1111111110100110
0000000000000010
0000001001100100
0000001100010001
0000001110100110
0000001101101010
0000001110100110
0000001101100101
0000000100000011
1111111111000110
1111111110100110
1111111110100110
1111111110100110
1111111110101110
0000000100010011
0000001100110001
0000001101010001
0000000010110011
1111111110101110
1111111110100110
1111111110100110
1111111110100110
1111111110100110
1111111110100110
1111111110100110
1111111110100110
1111111110100110
1111111110100110
0000000000100010
0000001010100001
0000001110001110
0000001110100110
0000001110100110
0000001101110010
0000001101111110
0000001110100110
0000001011000101
1111111111011110
1111111110111110
1111111110100110
1111111110110010
1111111111011110
0000000111001100
0000001110100110
0000001101001001
0000000011100011
1111111110100110
1111111110100110
1111111110100110
1111111110100110
1111111110100110
1111111110100110
1111111110100110
1111111110100110
1111111110100110
1111111111000010
0000000100000011
0000001100111001
0000001110100110
0000001110100110
0000000111101100
0000000101010011
0000000101111100
0000001011100001
0000001110100110
0000001001111101
0000000011111111
0000000001000010
0000000010011011
0000000111100000
0000001110100110
0000001110100110
0000001010100001
0000000000101110
1111111110101010
1111111110100110
1111111110100110
1111111110100110
1111111110100110
1111111110100110
1111111110100110
1111111110100110
1111111110100110
1111111110100110
0000000110101000
0000001110100110
0000001110100110
0000000101101100
1111111111100110
1111111110110010
1111111111011010
0000000000100010
0000001100010001
0000001110100110
0000001100100101
0000001100101001
0000001011111001
0000001110100110
0000001110100110
0000001101100101
0000000111100100
1111111111010110
1111111110100110
1111111110100110
1111111110100110
1111111110100110
1111111110100110
1111111110100110
1111111110100110
1111111110100110
1111111110100110
1111111110100110
0000000110110000
0000001110011110
0000001011011101
0000000001110011
1111111110100110
1111111110100110
1111111110100110
1111111111000010
0000000100011111
0000001110000110
0000001110100110
0000001110010010
0000001110100010
0000001110100110
0000001101110010
0000001001001000
1111111111000010
1111111110100110
1111111110100110
1111111110100110
1111111110100110
1111111110100110
1111111110100110
1111111110100110
1111111110100110
1111111110100110
1111111110100110
1111111110111110
0000000011001111
0000001101100101
0000001011001001
0000000001011010
1111111110100110
1111111110100110
1111111110100110
1111111110100110
0000000011110111
0000001101101010
0000001101010001
0000001001100100
0000001001100100
0000000111111100
0000000110001100
1111111110100110
1111111110100110
1111111110100110
1111111110100110
1111111110100110
1111111110100110
1111111110100110
1111111110100110
1111111110100110
1111111110100110
1111111110100110
1111111110100110
1111111110100110
0000000001111111
0000001011001101
0000001110100010
0000000011101111
1111111111001110
1111111110100110
1111111110100110
1111111111000010
0000000100001111
0000001101011101
0000001100100001
0000000010100011
1111111111101010
1111111111111110
1111111110100110
1111111110100110
1111111110100110
1111111110100110
1111111110100110
1111111110100110
1111111110100110
1111111110100110
1111111110100110
1111111110100110
1111111110100110
1111111110100110
1111111110100110
1111111110100110
1111111110100110
0000000101010111
0000001110001010
0000001101101110
0000000011101011
0000000001000110
0000000001101111
0000000011100011
0000001100110001
0000001110100110
0000001100101101
0000000010010111
1111111110100110
1111111110100110
1111111110100110
1111111110100110
1111111110100110
1111111110100110
1111111110100110
1111111110100110
1111111110100110
1111111110100110
1111111110100110
1111111110100110
1111111110100110
1111111110100110
1111111110100110
1111111110100110
1111111110100110
1111111110100110
0000000111010100
0000001101101110
0000001101010101
0000001011100101
0000001010100001
0000001110000110
0000001110100110
0000001110010110
0000001011100001
0000000001010010
1111111110100110
1111111110100110
1111111110100110
1111111110100110
1111111110100110
1111111110100110
1111111110100110
1111111110100110
1111111110100110
1111111110100110
1111111110100110
1111111110100110
1111111110100110
1111111110100110
1111111110100110
1111111110100110
1111111110100110
1111111110100110
1111111110100110
0000000111000100
0000001011010001
0000001110010010
0000001110100110
0000001110100010
0000001101100101
0000001101010101
0000000011010111
1111111110100110
1111111110100110
1111111110100110
1111111110100110
1111111110100110
1111111110100110
1111111110100110
1111111110100110
1111111110100110
1111111110100110
1111111110100110
1111111110100110
1111111110100110
1111111110100110
1111111110100110
1111111110100110
1111111110100110
1111111110100110
1111111110100110
1111111110100110
1111111110100110
0000000010101111
0000000110110100
0000001000100100
0000001001001100
0000000111110000
0000000001111111
1111111110100110
1111111110100110
1111111110100110
1111111110100110
1111111110100110
1111111110100110
1111111110100110
1111111110100110
1111111110100110
1111111110100110
1111111110100110
1111111110100110
1111111110100110
1111111110100110
1111111110100110
1111111110100110
1111111110100110
1111111110100110
1111111110100110
1111111110100110
1111111110100110
1111111110100110
1111111110101010
1111111110110110
0000000000000110
1111111111100110
1111111111011010
1111111110100110
1111111110100110
1111111110100110
1111111110100110
1111111110100110
1111111110100110
1111111110100110
1111111110100110
1111111110100110
1111111110100110
1111111110100110
1111111110100110
1111111110100110
1111111110100110
1111111110100110
1111111110100110
1111111110100110
1111111110100110
1111111110100110
1111111110100110
1111111110100110
1111111110100110
1111111110100110
1111111110100110
1111111110100110
1111111110100110
1111111110100110
1111111110100110
1111111110100110
1111111110100110
1111111110100110
1111111110100110
1111111110100110
1111111110100110
1111111110100110
1111111110100110
1111111110100110
1111111110100110
1111111110100110
1111111110100110
1111111110100110
1111111110100110
1111111110100110
1111111110100110
1111111110100110
1111111110100110
1111111110100110
1111111110100110
1111111110100110
1111111110100110
1111111110100110
1111111110100110
1111111110100110
1111111110100110
1111111110100110
1111111110100110
1111111110100110
1111111110100110
1111111110100110
1111111110100110
1111111110100110
1111111110100110
1111111110100110
1111111110100110
1111111110100110
1111111110100110
1111111110100110
1111111110100110
1111111110100110
1111111110100110
1111111110100110
1111111110100110
1111111110100110
1111111110100110
1111111110100110
1111111110100110
1111111110100110
1111111110100110
1111111110100110
1111111110100110
1111111110100110
1111111110100110
1111111110100110
1111111110100110
1111111110100110
1111111110100110
1111111110100110
1111111110100110
1111111110100110
1111111110100110
1111111110100110
1111111110100110
1111111110100110
1111111110100110
1111111110100110
1111111110100110
1111111110100110
1111111110100110
1111111110100110
1111111110100110
1111111110100110
1111111110100110
1111111110100110
1111111110100110
1111111110100110
1111111110100110
1111111110100110
1111111110100110
1111111110100110
1111111110100110
1111111110100110
1111111110100110
1111111110100110
1111111110100110
1111111110100110
1111111110100110
1111111110100110
1111111110100110
1111111110100110
1111111110100110
1111111110100110
1111111110100110
1111111110100110
1111111110100110
1111111110100110
